[gfaydark]
felwithe=-2642.3 -1930.94 20.4082          
[felwithea]
bank=-470.8 -93.7146 0.00200076 
[nektulos]
lavastorm=298.587 3120.41 -19.4091    
ecommons=-660.05 -2705.79 -21.5292               
spires=-768.06 432.898 29.0913 
[lavastorm]
soldungb=484.757 890.24 51.6895  
agentofchange=526.853 936.194 51.9788 
[commons]
kithicor=4244.15 885.98 -52.0917       
safespot=2259.08 68.2795 -56.1595 
southofsafespot=2038.39 -770.118 -54.3778 
southecommons=-1665.2 -630.901 -57.4687               
[kithicor]
commons=-1092.49 1482.77 -52             
rivervale=3824.49 2025.53 462.252      
highpass=4891.06 564.27 689.908  
[rivervale]
kithicor=-282.035 -375.29 0.00200073  
[ecommons]
southcommons=5060.72 -631.196 -57.4031   
ectunnel=851.646 -1056.47 -4.91373 
shady=-140.73 -1678.46 0.00200073 
freeport=-1605.68 -291.536 -54.4667       
nektulos=630.951 1555.35 -21.5292      
[freportw]
ecommons=805.31 -291.157 -27.998    
[qey2hh1]
spires=-14815 -3569 32.8859 
wp1=-8977.74 -2233.88 31.0766  
wp2=-5993.81 -1000.12 7.83806 
wp3=-2983.93 0.742266 -3.9355 
wp4=-997.412 -0.368872 -6.998 
qeytoqrg=65 55 -6.998    
[qeytoqrg]
qey2hh1=-2475.78 1250.22 -4.34175    
blackburrow=-1124.23 3434.34 0.00200045    
[blackburrow]
qeytoqrg=10 -162.54 0.00200045     
everfrost1=-128.079 -54.4898 0.00200045 
everfrost2=-348.689 110 0.00200045 
[everfrost]
blackburrow=-530.411 -3080 -113.185      
blackburrowcaves=-309.209 -2349.23 -2.63727 
wastesentrance=-994.15 682.738 -63.9042 
icegiantentrance=-6289.8 1860.96 -63.9042 
permafrost=-7090.42 2017.59 -63.8417    