[gfaydark]
felwithe=-2642.3 -1930.94 20.4082          
[felwithea]
bank=-470.8 -93.7146 0.00200076 
[nektulos]
lavastorm=298.587 3120.41 -19.4091    
ecommons=-660.05 -2705.79 -21.5292               
spires=-768.06 432.898 29.0913 
[lavastorm]
soldungb=484.757 890.24 51.6895  
agentofchange=526.853 936.194 51.9788 
[commons]
kithicor=4244.15 885.98 -52.0917       
safespot=2259.08 68.2795 -56.1595 
southofsafespot=2038.39 -770.118 -54.3778 
southecommons=-1665.2 -630.901 -57.4687               
[kithicor]
commons=-1092.49 1482.77 -52             
rivervale=3824.49 2025.53 462.252      
highpass=4891.06 564.27 689.908  
[rivervale]
kithicor=-282.035 -375.29 0.00200073  
[ecommons]
southcommons=5060.72 -631.196 -57.4031   
ectunnel=851.646 -1056.47 -4.91373 
shady=-140.73 -1678.46 0.00200073 
freeport=-1605.68 -291.536 -54.4667       
nektulos=630.951 1555.35 -21.5292      
[freportw]
ecommons=805.31 -291.157 -27.998    