[gfaydark]
felwithe=-2642.3 -1930.94 20.4082          
lfaydark=-1111 -2632 0.00200073   
spires=-440.753 -2054.2 -3.20149 
podlift=220.775 203.137 -3.4617 
butcher=2690 -1645 0.00200073      
[felwithea]
bank=-470.8 -93.7146 0.00200076 
[nektulos]
lavastorm=298.587 3120.41 -19.4091    
ecommons=-660.05 -2705.79 -21.5292               
spires=-768.06 432.898 29.0913 
[lavastorm]
soldungb=484.757 890.24 51.6895  
agentofchange=526.853 936.194 51.9788 
najena=-1080 -940 12.627   
nektulos=-185 -2130 -19.5034           
presolb=716.579 1233.92 185.332 
[commons]
kithicor=4244.15 885.98 -52.0917       
safespot=2259.08 68.2795 -56.1595 
southofsafespot=2038.39 -770.118 -54.3778 
southecommons=-1665.2 -630.901 -57.4687               
rings=1396 345 -54.6273 
[kithicor]
commons=-1092.49 1482.77 -52             
rivervale=3824.49 2025.53 462.252      
highpass=4891.06 564.27 689.908  
[rivervale]
kithicor=-282.035 -375.29 0.00200073  
[ecommons]
southcommons=5060.72 -631.196 -57.4031   
ectunnel=851.646 -1056.47 -4.91373 
shady=-140.73 -1678.46 0.00200073 
freportw=-1605.68 -291.536 -54.4667       
nektulos=630.951 1555.35 -21.5292      
nro=-166.66 -2459.65 0.00200076           
[freportw]
ecommons=805.31 -291.157 -27.998    
[qey2hh1]
spires=-14815 -3569 32.8859 
wp1=-8977.74 -2233.88 31.0766  
wp2=-5993.81 -1000.12 7.83806 
wp3=-2983.93 0.742266 -3.9355 
wp4=-997.412 -0.368872 -6.998 
qeytoqrg=65 55 -6.998    
southnk=-16020 -3690 -3.9355     
[qeytoqrg]
qey2hh1=-2475.78 1250.22 -4.34175    
blackburrow=-1124.23 3434.34 0.00200045    
qeynos2=100 -355 -7.84175   
[blackburrow]
qeytoqrg=10 -162.54 0.00200045     
everfrost1=-128.079 -54.4898 0.00200045 
everfrost2=-348.689 110 0.00200045 
[everfrost]
blackburrow=-530.411 -3080 -113.185      
blackburrowcaves=-309.209 -2349.23 -2.63727 
wastesentrance=-994.15 682.738 -63.9042 
icegiantentrance=-6289.8 1860.96 -63.9042 
permafrost=-7090.42 2017.59 -63.8417    
halas=365 3750 0.00200073   
[nro]
ectunnel=1399.61 1936.03 0.692112 
[lfaydark]
steamfont=-2190 930 -4.77925           
gfaydark=-1202 2185 0.00200073 
[steamfont]
rings=1683 -1803 -110.972 
lfaydark=2216 593 -113.248 
[butcher]
gfay=-3094 -1315 0.00200073         
rings=1984.01 -2135.04 -3.5386 
[northkarana]
circle=-1494 -2706 -11.248 
spire=1200 -3700 -11.6792 
southwk=3280 -3140 -3.9355      
southkarana=1209.26 -4545.16 -34.4042   
eastkarana=-3120 14 -37.3417  
[qeynos2]
qeytoqrg=100 1420 0.00200076    
[southkarana]
lakerathe=1162.51 -8560 0.0934381          
center=416.947 -459.506 -1.23449 
northkarana=900 2900 -34.4042        
[lakerathe]
southkarana=1149.93 4380 0.00200073    
rathemnt=-2292 2518 1.752             
[feerrott]
innothule=-3130.03 -1155.63 -12.3417            
cazicthule=-110 -1490 47.9395  
spectrecaves=2682.48 -1448.78 -2.09235 
rathemtn=3410 400 0.00200186      
[cazicthule]
ferrot=-70 30 0.00200073    
[rathemtn]
dragonscalecloak=894.27 4155.53 0.934267 
lakerathe=3050 3420 -3.873    
ferrot=-3110 410 0.00200073         
[najena]
lavastorm=885 -15 0.00200046          
[sro]
innothule=1150 -3200 -26.8105     
[innothule]
uguk=-835 140 -11.498  
[highpasshold]
highkeep=-130 -90 0.00200073   
kithicor=130 -960 0.00200073
[eastkarana]
northkarana=1150 12 -37.3417
